Thermocouple 0 (deg C)	Thermocouple 1 (deg C)	Thermocouple 2 (deg C)	Thermocouple 3 (deg C)
20.520	27.276	31.741	19.359
22.082	29.330	32.249	19.819
20.244	27.773	30.417	18.645
21.618	28.719	31.315	20.358
23.015	27.372	30.202	19.535
21.443	28.194	31.346	19.317
20.669	27.629	30.492	18.997
21.394	28.148	30.598	18.702
22.127	28.619	31.632	18.807
21.069	27.595	32.081	19.383
21.646	28.447	31.535	18.497
22.076	28.173	32.469	19.780
22.430	29.414	31.103	20.149
23.241	28.096	31.882	19.712
22.042	27.560	30.016	18.670
21.815	29.204	31.823	19.255
22.274	28.887	31.682	19.397
22.265	28.267	31.792	19.902
20.724	27.566	29.736	17.982
22.165	27.139	31.644	19.087
19.980	26.286	31.078	18.028
21.513	27.301	32.385	19.189
20.157	27.976	30.516	18.146
20.349	27.333	29.694	18.259
22.529	27.817	31.540	19.168
21.869	27.546	29.833	18.429
23.596	29.180	32.578	19.960
19.885	28.036	30.277	17.869
22.011	29.158	31.042	19.146
20.187	26.560	30.625	17.747
20.517	28.274	30.356	18.226
23.738	30.267	32.389	19.863
22.554	29.553	32.137	19.463
20.339	26.483	29.528	17.974
20.378	26.627	29.813	17.727
21.565	27.813	30.642	17.946
22.038	27.776	30.979	19.484
23.242	27.883	31.932	19.312
21.025	28.764	31.682	18.737
20.975	27.569	31.744	18.755
22.255	28.870	31.834	19.194
21.018	29.124	31.591	18.557
21.465	27.741	32.636	18.914
23.825	29.278	31.153	19.431
23.786	29.991	31.700	19.519
22.603	27.625	31.645	18.677
21.762	28.388	31.535	18.528
22.256	28.309	31.025	18.146
20.546	27.682	31.531	17.867
20.857	28.303	31.111	18.146
22.730	29.573	32.345	19.310
21.540	26.620	30.643	17.648
22.466	28.345	29.874	18.055
23.288	28.661	31.132	18.710
20.079	28.050	30.873	17.433
22.355	28.084	32.407	19.198
22.015	28.002	30.815	18.340
22.583	28.472	32.459	18.986
21.498	27.897	30.624	17.138
23.639	27.951	32.619	18.998
21.015	26.103	30.966	17.099
22.288	28.986	31.419	19.004
22.630	28.338	30.167	17.971
21.532	28.753	31.172	18.071
22.150	28.254	30.836	17.968
23.168	29.259	32.848	18.922
22.363	27.825	31.787	18.002
20.447	27.357	29.395	16.940
20.418	28.554	30.846	17.399
22.417	29.394	31.308	18.932
22.403	28.366	31.713	17.685
20.487	27.882	30.039	17.410
20.772	27.449	30.454	17.577
21.481	28.095	30.518	17.151
21.569	26.387	30.529	16.905
22.065	29.696	30.976	18.613
22.412	28.635	30.961	18.215
20.226	26.571	29.959	17.047
22.039	27.980	30.740	17.066
23.217	29.507	31.132	18.314
20.802	25.991	29.106	16.578
22.550	28.450	32.911	18.571
21.850	29.890	31.027	18.479
21.175	29.378	31.266	17.978
22.048	27.400	31.137	16.821
22.114	27.508	31.721	18.108
22.158	28.852	31.156	18.126
22.952	29.099	30.164	17.663
21.386	27.608	29.681	16.845
22.657	29.006	31.296	18.593
23.584	29.751	32.457	18.434
22.418	28.426	30.253	17.357
21.690	26.400	31.322	16.773
23.204	29.123	33.047	18.319
22.096	29.952	32.179	18.161
23.055	28.809	30.783	17.634
21.170	28.930	30.186	17.263
22.620	29.649	31.319	18.240
21.591	26.593	30.186	16.427
23.240	28.727	31.553	18.117
21.323	27.933	31.101	17.782
21.207	28.194	29.565	16.324
21.780	28.640	30.658	16.820
22.963	29.162	32.045	17.943
22.713	28.158	31.098	17.038
21.911	27.369	32.102	17.446
21.086	28.524	30.392	17.335
20.704	27.645	31.015	16.734
21.258	27.425	31.442	16.621
20.114	27.906	29.854	15.997
20.203	27.350	30.086	16.096
23.293	28.600	31.572	17.991
22.225	28.111	31.516	16.471
20.665	26.733	29.944	16.009
20.950	28.096	31.104	16.373
21.671	28.232	32.172	17.559
21.471	27.152	31.968	16.817
21.500	27.582	31.168	16.483
21.818	27.960	31.719	17.773
23.060	28.633	30.926	17.598
22.996	29.178	32.025	17.449
22.815	29.069	30.982	17.653
20.668	27.522	30.107	15.655
22.533	28.102	30.368	16.988
22.056	28.625	32.707	17.670
21.443	26.997	30.987	16.687
21.466	27.261	30.171	16.043
22.531	28.902	29.809	16.327
22.887	27.883	30.855	16.841
22.311	27.226	30.277	16.808
21.634	26.861	30.614	15.548
21.661	27.404	30.454	15.664
22.559	28.349	31.365	16.579
22.136	27.322	29.595	16.079
22.059	29.269	31.391	17.055
20.438	27.843	31.454	15.913
20.986	27.786	31.218	15.490
22.048	28.409	31.190	15.705
22.813	29.026	31.252	17.070
21.688	26.672	30.907	15.681
20.177	28.167	29.544	15.616
22.041	28.706	30.441	16.350
24.023	29.475	32.583	17.365
21.357	28.958	32.330	16.754
20.894	26.828	30.752	15.587
20.085	26.508	28.942	15.130
22.053	27.971	31.741	17.203
21.655	28.060	30.339	16.347
22.632	28.772	32.268	16.498
22.981	28.978	31.524	17.119
22.667	27.158	31.239	16.116
21.624	28.023	29.781	15.236
21.588	28.237	31.101	15.480
21.809	27.176	30.000	15.081
20.760	27.165	29.594	15.262
21.557	26.458	29.525	15.351
21.540	26.584	29.566	15.251
22.558	30.203	32.462	17.018
22.444	27.589	29.673	15.592
21.228	28.337	29.638	15.532
20.701	27.861	31.833	15.554
21.626	29.129	31.144	16.288
22.961	30.026	32.510	16.715
21.245	28.692	31.191	15.311
21.088	27.468	29.577	14.756
21.239	28.415	30.370	15.636
20.785	27.413	30.626	14.697
21.025	27.926	31.469	15.022
21.189	27.330	31.062	14.747
21.912	29.031	32.140	15.769
21.933	29.227	32.692	16.306
20.468	26.681	30.849	15.289
22.691	30.139	31.187	16.582
21.547	29.136	31.394	16.307
22.372	28.080	30.613	15.745
21.077	28.064	31.717	15.525
21.068	28.123	30.561	15.861
21.468	27.485	30.493	14.586
21.818	28.534	30.423	14.913
20.036	27.853	30.023	14.510
22.070	26.418	30.257	14.813
21.607	28.144	30.920	16.144
20.698	27.953	31.188	15.093
22.381	27.205	31.337	14.953
22.335	26.763	29.676	14.697
20.925	27.172	31.871	15.110
22.003	27.626	30.785	15.716
21.851	28.306	29.320	14.656
20.982	27.273	30.333	14.541
21.105	26.988	31.830	15.068
23.627	29.003	32.298	16.180
22.958	29.502	32.216	15.713
22.961	29.091	32.669	16.154
20.232	27.634	31.422	14.587
22.939	28.235	31.408	15.532
23.299	29.755	32.701	16.201
22.051	29.407	30.955	16.049
21.605	27.219	31.420	14.346
21.422	28.923	30.118	15.053
21.833	29.768	31.378	15.788
23.562	29.751	31.439	15.984
21.804	27.892	30.916	15.456
21.804	27.933	30.380	14.029
21.810	28.415	31.597	15.605
22.446	27.856	31.648	14.586
21.228	27.960	30.705	13.708
21.320	27.825	30.544	15.105
21.891	26.486	30.838	14.305
21.649	26.468	30.775	14.052
21.236	27.967	29.017	13.808
22.831	28.520	31.914	15.847
22.777	27.443	31.559	14.703
22.245	29.681	31.431	15.747
21.733	26.854	30.289	13.862
22.339	27.081	31.361	14.306
22.586	29.202	31.800	15.673
20.542	26.455	31.079	13.688
21.737	27.014	29.481	13.677
21.694	27.571	29.623	14.268
21.550	28.075	31.910	15.055
22.632	28.426	30.569	14.261
23.201	28.873	30.722	15.309
22.775	29.293	31.267	14.837
20.530	26.656	31.093	14.140
21.376	27.029	31.237	13.946
22.594	29.320	31.415	14.929
22.602	29.053	32.344	15.472
22.645	28.602	32.247	15.420
20.715	26.784	30.080	13.344
22.089	27.055	30.600	13.473
22.078	28.152	29.940	14.283
20.254	27.840	31.028	13.264
22.989	28.755	31.479	15.197
20.050	26.732	30.757	13.361
22.684	28.154	31.736	14.835
21.730	28.967	32.228	14.619
21.268	29.006	31.248	14.266
23.956	29.267	31.404	15.124
21.586	28.601	32.589	14.711
21.264	27.880	31.357	14.447
20.690	27.282	29.540	13.090
20.606	27.103	30.695	13.007
22.319	28.630	30.340	13.800
20.323	27.503	29.126	12.980
22.518	27.671	30.652	14.702
23.486	27.733	31.123	14.770
21.889	27.733	29.873	13.285
22.028	26.658	30.180	13.120
21.951	28.734	32.479	14.942
21.585	27.743	31.946	14.313
20.795	27.628	31.574	13.773
23.582	27.772	31.054	14.645
21.125	27.499	30.873	13.625
21.712	28.030	29.087	12.780
21.305	28.214	29.309	13.059
22.832	28.360	31.573	13.973
20.344	28.073	30.441	12.675
22.170	28.147	31.984	14.511
22.137	28.556	31.967	14.266
21.151	26.325	29.882	12.532
22.788	27.643	31.050	13.643
21.829	27.595	30.800	13.930
22.269	28.148	30.729	13.018
20.735	26.419	30.826	12.934
22.527	28.982	30.873	14.554
22.033	28.138	30.988	13.404
21.729	28.136	31.307	13.026
21.039	26.276	30.142	12.800
22.393	27.543	30.866	13.953
21.613	26.770	30.364	13.144
23.038	27.778	30.811	13.754
23.709	27.759	31.023	14.106
22.170	26.720	30.049	12.999
21.082	27.128	31.070	13.175
21.173	27.036	29.341	12.706
21.458	27.303	30.901	12.423
21.401	27.170	30.057	12.113
22.762	29.747	30.992	13.923
21.826	28.327	32.115	13.762
23.037	28.767	30.519	13.457
22.429	28.002	31.608	13.493
20.346	26.753	31.033	12.238
21.682	28.149	31.461	13.611
22.136	28.000	32.265	14.004
21.533	26.156	30.166	12.345
23.319	28.690	31.919	13.525
22.051	27.478	29.721	12.276
20.980	28.310	30.564	12.907
21.168	27.118	31.511	13.183
21.732	27.891	32.310	13.577
20.884	27.020	31.960	12.976
20.971	27.106	30.702	11.862
21.845	28.528	31.805	13.090
22.502	29.355	30.992	14.002
20.667	27.190	29.197	11.814
21.232	28.392	29.499	12.546
22.135	28.065	32.107	13.312
22.128	28.799	31.488	13.470
22.017	28.088	30.916	13.059
23.090	28.100	32.251	13.107
21.444	28.352	29.702	12.469
22.145	28.489	31.736	13.632
22.445	29.173	31.016	13.628
22.744	29.218	30.384	12.787
22.448	27.394	31.569	13.162
19.929	26.624	30.724	11.536
21.695	28.365	30.886	13.031
21.702	26.954	29.939	11.782
23.327	27.948	32.346	13.467
22.504	28.228	30.270	12.835
21.528	29.247	30.608	12.850
21.455	27.610	30.706	12.832
21.511	27.361	31.233	12.824
22.697	29.012	30.260	12.549
21.367	26.953	31.389	11.951
20.699	27.958	30.425	11.648
21.307	28.028	32.402	12.904
21.452	26.950	31.331	11.866
20.227	26.279	29.634	11.573
22.171	27.774	30.012	12.259
22.039	30.001	31.758	13.397
22.076	28.681	32.137	13.155
21.853	26.689	30.090	11.459
20.027	26.988	29.164	11.132
21.899	27.947	30.847	12.870
21.556	26.959	30.709	11.616
21.868	27.768	29.340	11.162
19.983	26.259	30.814	11.196
23.182	27.842	31.515	12.363
21.766	28.496	30.463	12.223
21.267	27.936	30.709	11.361
22.493	27.324	30.358	11.893
22.222	27.067	29.754	11.406
22.507	29.816	31.274	13.007
20.239	27.352	30.622	11.106
21.189	27.213	30.545	11.343
21.555	29.387	31.690	12.321
23.729	29.510	30.798	12.925
20.829	27.985	30.778	11.753
21.378	27.409	31.059	12.296
20.607	27.248	29.582	11.098
23.684	28.312	32.127	12.668
21.780	28.352	31.859	12.138
20.173	27.329	29.189	11.013
22.398	27.386	30.204	11.232
22.309	29.110	31.470	12.025
22.786	28.320	31.781	12.579
20.792	27.689	29.925	10.858
21.572	27.479	30.910	11.457
21.097	26.480	28.952	10.863
21.489	28.018	31.226	12.242
22.596	28.863	32.421	12.422
20.305	26.569	29.052	10.598
19.764	27.000	29.525	10.504
20.435	27.280	29.155	10.641
21.039	27.345	29.245	10.548
23.859	28.616	31.710	12.393
21.230	27.095	30.042	11.168
22.850	27.599	31.231	11.482
22.285	29.078	30.137	11.608
21.679	27.629	30.463	11.963
22.660	27.850	31.151	11.387
23.122	29.572	31.389	12.256
20.905	26.657	30.254	10.268
20.912	28.019	29.104	10.585
22.190	29.238	32.008	11.880
22.781	27.816	32.083	11.996
22.150	28.766	30.935	11.983
20.928	28.018	30.803	10.851
21.289	29.324	30.754	11.577
21.443	27.719	32.099	11.467
21.086	28.220	30.677	10.861
22.752	28.769	30.061	11.493
23.046	29.256	31.337	11.953
22.523	27.706	29.509	10.870
22.370	28.424	31.693	11.401
20.677	28.374	30.170	10.929
22.162	26.962	30.347	10.504
21.263	27.264	31.384	11.244
21.958	28.073	31.245	10.581
22.600	27.576	30.762	11.484
23.018	27.307	31.456	10.954
21.612	29.076	30.509	10.944
20.990	27.796	29.666	10.586
21.499	26.584	30.780	10.536
20.673	26.904	29.816	10.495
22.459	28.229	30.285	10.238
22.488	28.149	31.003	10.531
23.279	28.480	31.777	11.564
21.792	26.067	29.642	9.871
22.002	28.610	31.026	10.840
22.422	28.786	30.115	11.026
24.067	28.702	30.880	11.724
22.291	28.322	30.636	11.188
21.354	27.878	29.740	9.745
20.268	27.404	29.338	9.560
21.882	28.520	30.868	10.321
20.968	28.320	30.811	10.504
22.042	29.056	31.693	10.649
22.245	28.272	31.539	11.436
21.163	27.300	32.094	10.770
22.007	29.420	32.853	11.618
23.300	29.108	31.777	11.285
23.966	29.778	32.488	11.422
22.634	26.952	31.443	10.251
22.124	28.910	32.191	11.141
22.852	29.099	31.189	10.496
20.217	27.744	31.067	9.636
22.371	28.095	31.101	11.207
23.265	27.822	32.089	10.884
20.297	27.503	29.501	9.313
21.766	28.593	30.943	9.972
21.566	28.861	30.879	10.134
21.486	28.048	30.396	9.936
22.301	27.806	30.780	11.106
20.881	28.366	29.847	9.849
21.275	26.064	29.213	9.210
21.927	26.557	29.952	9.674
23.879	28.690	30.682	11.033
20.887	27.967	30.575	9.433
21.630	29.693	31.228	10.788
21.532	27.760	30.722	9.138
21.379	27.957	29.918	9.512
21.738	27.144	31.714	10.322
22.414	27.570	30.777	10.616
22.934	27.727	31.038	10.362
22.423	28.668	32.067	10.291
20.550	27.220	30.047	9.035
21.878	27.852	29.768	9.148
21.152	27.224	29.594	8.778
22.685	29.282	30.788	10.454
22.885	27.701	30.664	10.058
22.005	26.475	30.357	8.892
22.024	27.264	28.722	8.840
20.808	26.680	29.536	9.103
22.162	26.587	29.554	9.022
23.560	29.421	31.946	10.308
22.736	28.210	30.582	10.327
23.272	27.303	31.652	10.119
21.972	27.473	29.677	9.552
23.630	28.531	31.287	10.718
22.397	28.801	31.263	10.013
22.548	27.983	30.477	9.230
22.582	29.571	32.852	10.682
21.567	27.107	30.742	9.610
22.340	28.170	31.320	9.812
22.159	26.763	31.410	9.245
21.565	28.476	30.434	10.109
21.213	27.480	30.621	8.817
23.195	29.458	31.915	9.927
22.066	29.784	32.589	10.319
22.057	28.454	31.376	10.386
21.797	27.398	30.801	8.685
23.538	27.916	30.574	10.030
22.191	29.250	31.901	9.984
21.856	28.997	29.745	9.445
21.465	27.192	30.963	9.250
20.380	26.963	30.561	8.423
22.921	28.504	31.796	10.029
21.998	26.847	28.657	8.167
21.317	27.253	30.042	8.380
20.821	26.957	30.829	8.527
24.015	28.666	31.259	10.174
21.253	27.620	31.657	9.561
20.095	26.753	29.897	8.233
22.276	27.893	30.698	8.944
21.061	28.146	30.137	8.449
21.630	27.454	28.927	8.034
21.224	27.812	30.353	8.252
22.469	28.933	31.918	9.251
21.185	28.032	30.696	8.764
22.625	28.386	30.449	9.493
22.017	29.135	31.815	9.751
21.126	27.856	29.707	7.794
23.052	29.612	32.493	9.944
22.539	29.927	32.413	10.014
20.338	26.783	30.387	8.054
22.673	27.977	31.384	9.946
21.196	28.229	30.098	8.650
20.366	26.872	29.453	8.052
22.048	28.533	30.633	8.630
22.172	28.722	31.528	9.363
22.564	27.866	29.857	8.735
20.817	27.620	28.425	7.606
21.307	27.676	31.794	8.944
22.156	27.614	31.530	8.683
20.288	26.841	30.333	7.823
22.427	28.812	30.771	9.700
20.617	25.760	30.568	7.591
21.981	27.777	30.207	7.953
20.850	28.156	29.630	8.439
22.887	27.872	30.968	8.930
22.027	27.689	29.769	7.549
22.852	29.366	30.827	8.940
22.240	27.100	31.083	8.498
21.580	27.194	29.467	8.450
22.518	29.058	31.105	8.890
21.726	28.208	31.522	9.289
23.541	29.714	32.186	9.360
21.843	28.561	31.505	8.490
21.751	26.941	30.479	8.020
21.448	26.964	28.735	7.291
22.171	27.741	30.912	7.671
21.970	27.616	32.389	9.158
21.011	26.835	29.858	7.950
21.304	26.025	29.824	7.205
22.773	28.534	32.058	9.188
22.309	27.180	30.103	7.761
21.542	27.591	30.417	8.672
19.859	26.369	30.537	7.062
20.832	27.465	29.573	7.973
21.659	27.628	29.969	8.567
21.411	26.643	29.916	7.280
23.599	29.527	31.891	9.156
21.048	27.981	30.324	7.994
21.296	26.558	28.498	6.935
23.607	29.596	31.590	8.904
21.035	26.526	29.762	7.725
21.962	28.271	30.325	7.662
21.127	26.385	28.480	6.894
20.676	27.925	29.280	7.253
21.834	28.262	29.296	7.757
22.391	28.112	31.313	8.360
24.029	28.231	32.133	8.944
22.731	29.839	32.070	8.972
23.632	28.165	30.943	8.845
21.739	28.685	31.035	8.609
23.868	28.674	30.798	8.868
21.965	27.305	30.452	8.027
21.874	28.201	31.219	8.018
22.375	29.562	30.371	8.375
22.558	29.178	32.026	8.349
21.397	26.859	29.987	7.199
22.337	28.009	29.805	8.045
21.940	27.092	30.976	8.009
22.333	27.620	30.588	7.315
20.995	27.258	29.862	6.604
22.811	27.438	30.095	7.442
21.828	27.336	30.716	8.050
22.845	28.661	31.435	8.504
23.475	28.945	31.988	8.319
20.583	27.581	29.292	6.662
21.644	28.430	30.893	8.081
21.071	26.681	28.891	6.478
22.856	27.928	29.701	7.322
21.224	26.673	29.948	6.695
21.371	25.915	28.954	6.309
21.132	27.204	29.972	7.583
20.019	27.458	30.366	6.396
21.854	27.415	30.961	7.145
21.366	27.327	30.831	7.204
22.681	26.845	30.560	7.333
21.600	26.822	29.589	6.919
23.344	27.356	29.951	7.423
21.598	26.338	29.710	6.845
22.013	26.706	30.114	6.041
21.310	27.376	29.425	6.323
22.093	26.884	30.847	6.714
21.539	28.266	30.208	6.768
21.639	28.422	31.719	7.462
21.570	26.350	29.446	6.739
22.248	26.457	30.371	6.340
22.119	27.829	31.132	7.670
23.811	29.420	32.506	8.069
20.086	27.337	29.334	6.159
23.569	29.636	31.017	7.895
22.125	26.470	30.123	6.305
21.816	27.217	29.650	6.376
21.505	26.770	30.119	6.362
21.295	28.084	29.563	6.198
21.742	28.333	30.569	6.402
23.127	29.082	31.289	7.897
21.340	27.741	30.105	6.632
22.784	27.706	30.961	7.041
23.357	28.072	31.191	7.482
21.285	27.545	30.407	7.112
22.320	27.000	29.539	6.100
22.607	27.022	29.919	7.016
22.028	28.406	30.236	7.540
22.758	27.844	29.544	6.685
21.324	28.745	31.100	6.616
22.055	27.144	30.179	6.574
20.838	26.497	29.126	6.370
23.072	29.424	31.814	7.249
22.498	28.782	30.065	6.915
23.428	29.325	30.373	7.322
22.956	27.251	29.445	6.590
22.722	29.648	32.380	7.413
23.818	29.394	30.551	7.492
24.206	27.652	30.770	7.516
22.071	27.137	30.496	6.020
22.221	28.126	31.096	6.804
21.362	26.278	30.155	5.474
22.655	26.896	30.118	6.256
21.974	26.614	30.275	5.923
21.415	27.996	31.045	6.034
21.412	27.867	29.542	5.773
23.863	28.016	31.065	7.437
21.257	28.227	30.388	5.873
21.054	26.060	30.263	5.541
23.484	28.197	31.716	7.230
21.713	27.041	30.071	6.527
20.941	26.823	29.802	5.192
22.418	28.487	29.581	6.378
23.024	27.326	29.281	6.034
22.427	28.172	30.456	6.130
22.603	27.545	30.403	6.899
20.752	27.841	30.302	5.715
23.922	29.415	31.777	7.176
22.059	29.298	32.105	6.792
20.667	26.185	30.251	5.181
22.125	27.608	31.190	6.164
21.660	27.195	30.614	6.108
21.625	27.913	29.748	5.284
21.872	25.742	29.766	5.005
23.078	27.465	29.854	6.519
23.892	28.628	32.075	6.924
21.541	28.058	31.564	6.325
23.340	28.250	31.222	6.792
23.302	28.544	31.295	6.745
21.931	26.756	29.048	4.859
22.699	28.949	31.504	6.720
20.667	26.312	29.874	4.763
21.952	28.073	30.596	6.254
22.777	29.139	30.730	6.331
23.185	27.540	29.922	5.974
22.551	27.742	30.884	5.171
22.734	26.699	30.775	5.417
21.344	27.654	29.948	5.122
19.958	26.887	29.199	4.618
21.534	27.692	29.882	5.381
20.967	26.897	29.191	5.368
22.525	27.343	31.824	6.281
22.533	26.474	29.539	5.405
23.774	29.050	31.640	6.445
20.262	27.759	29.028	4.603
22.039	26.280	30.121	4.879
22.530	29.006	29.970	6.085
21.928	27.727	29.022	4.694
22.719	28.279	31.643	5.760
21.913	26.987	28.126	4.310
23.194	28.584	30.653	5.771
20.863	27.674	30.125	5.239
22.229	28.712	30.488	5.869
21.094	27.488	28.526	4.205
20.829	26.027	30.321	4.482
22.854	26.993	31.144	5.176
23.759	28.620	31.803	6.378
23.206	27.637	30.834	5.982
21.934	27.258	28.367	4.086
23.290	28.703	29.586	5.430
21.186	26.939	30.973	4.795
22.267	27.999	30.277	5.038
21.853	25.606	29.922	4.007
22.839	28.771	31.356	5.907
21.960	27.146	30.205	4.238
24.150	27.722	32.119	6.183
21.954	27.256	29.805	4.490
21.356	26.015	29.883	3.946
21.883	28.168	30.915	5.032
24.034	27.873	30.452	6.081
20.157	26.343	29.713	3.898
22.049	28.897	31.761	5.715
22.754	28.816	30.484	5.481
22.387	26.468	30.413	4.517
22.506	27.144	30.928	5.172
22.461	27.504	28.667	4.091
23.255	28.623	30.666	5.732
22.322	27.389	29.298	4.307
21.879	26.583	30.012	4.117
20.781	26.965	28.100	3.739
21.689	28.165	31.338	5.210
20.972	26.954	28.776	4.363
20.889	27.535	29.220	4.487
23.084	27.538	31.541	5.642
21.843	27.483	28.054	3.574
23.356	27.291	31.738	5.328
22.476	27.618	30.869	5.016
21.332	27.405	29.976	4.299
21.946	27.918	29.672	4.843
21.525	26.808	31.065	4.774
22.369	29.231	31.864	5.637
22.501	27.696	28.601	3.842
23.106	26.982	29.371	4.833
21.577	27.911	28.955	3.692
23.979	29.015	30.176	5.579
21.969	28.232	31.796	5.416
23.659	27.316	30.471	5.126
20.722	25.757	29.115	3.547
21.873	27.996	30.350	3.877
21.820	27.186	29.237	4.148
22.285	26.899	29.002	3.905
21.513	27.168	29.273	4.153
21.767	27.320	30.737	4.806
23.303	28.858	30.782	5.398
23.385	27.266	29.788	4.577
21.478	27.552	30.251	4.593
22.917	28.405	31.043	4.375
21.909	27.864	29.708	4.594
22.477	26.911	29.373	3.976
22.458	26.421	28.536	3.666
21.797	27.100	29.415	3.958
22.274	27.818	31.497	4.547
21.470	27.644	29.092	3.383
22.679	27.296	31.035	4.383
21.577	27.401	29.789	4.262
20.184	26.896	30.025	3.091
22.270	27.820	29.547	4.145
20.050	26.233	29.786	2.930
22.882	28.428	30.924	5.085
23.026	28.345	30.254	4.298
21.518	27.960	29.464	3.580
21.344	26.860	29.102	3.339
20.895	25.900	29.058	3.042
22.076	28.525	30.655	4.451
22.546	27.171	29.488	3.469
22.535	27.740	29.325	3.864
22.652	26.713	30.259	3.528
21.876	27.115	30.852	3.762
21.978	26.907	30.261	3.190
22.670	26.704	30.505	3.172
23.876	28.067	30.459	4.708
22.016	27.745	31.471	4.164
23.131	27.215	29.853	3.570
23.006	28.397	31.911	4.506
22.373	27.107	30.965	4.211
20.447	26.555	28.976	2.876
22.371	27.514	30.030	2.707
21.871	27.802	30.187	3.933
23.085	28.214	31.723	4.643
21.673	28.792	30.707	4.030
20.573	26.029	29.546	2.925
22.438	27.847	30.115	2.810
23.887	28.614	29.812	4.396
21.904	28.073	30.185	2.968
21.639	27.703	29.654	3.257
20.997	27.957	30.532	3.066
20.693	25.783	28.180	2.619
22.222	28.834	30.620	4.539
22.843	27.728	29.981	3.487
22.239	25.907	28.449	2.436
20.903	27.289	28.336	2.524
21.531	26.406	29.814	2.437
22.124	27.700	31.028	3.326
22.059	28.228	30.791	3.368
22.607	27.989	29.908	2.907
22.273	27.470	29.727	3.868
20.034	26.847	28.155	2.108
20.198	26.200	29.462	2.212
22.998	27.283	30.959	3.341
23.277	27.558	30.975	3.642
21.146	27.332	29.002	3.235
21.281	26.997	29.958	2.289
22.421	28.863	29.593	3.756
21.428	28.392	30.710	3.458
21.641	27.547	29.886	3.484
23.363	27.404	30.989	3.645
22.103	28.324	29.648	3.212
23.572	27.424	31.180	3.414
21.758	28.936	30.216	3.588
22.539	28.637	31.870	3.905
22.606	27.611	30.892	3.804
20.459	26.432	28.166	1.841
20.474	25.742	29.421	1.803
21.412	26.876	30.152	2.091
23.274	27.785	31.154	3.861
23.348	29.724	31.375	3.959
22.060	27.929	29.369	2.287
22.585	28.602	30.177	3.051
22.983	27.866	29.741	2.462
20.357	27.173	29.971	1.953
20.919	26.054	29.414	2.310
22.086	27.628	29.591	2.895
20.187	26.116	28.239	1.695
23.130	26.884	29.289	2.797
21.439	26.934	28.047	1.589
22.214	28.821	31.343	3.609
23.856	29.099	31.496	3.458
22.502	27.264	29.323	2.072
20.898	26.191	29.497	2.379
22.318	28.464	30.248	2.787
23.662	28.923	31.390	3.268
23.785	29.170	30.699	3.093
21.166	26.347	28.919	2.249
22.788	27.284	28.421	2.065
23.512	28.127	30.014	3.168
23.202	27.302	30.596	2.564
22.081	29.407	30.555	3.316
23.353	28.728	30.880	3.159
21.366	27.699	31.077	2.553
23.879	27.641	31.587	3.021
23.874	27.262	29.916	3.115
23.863	28.954	30.795	2.936
23.614	28.482	29.272	2.770
22.900	27.868	30.358	3.144
23.136	26.654	30.037	2.346
22.194	27.420	29.808	2.369
22.127	28.845	29.474	2.718
22.673	27.761	31.646	3.224
20.619	26.505	29.626	1.588
21.970	26.371	28.959	1.742
22.192	28.444	31.408	2.892
22.959	26.682	29.763	2.150
20.907	26.984	28.463	1.540
22.196	27.934	28.907	1.554
22.416	27.673	29.608	2.016
21.986	28.055	29.875	2.499
21.932	26.297	30.456	1.836
21.770	28.513	31.008	2.164
21.280	25.921	29.226	1.406
23.584	28.112	31.269	2.421
21.718	26.225	29.225	1.527
22.255	25.951	28.641	0.953
21.317	26.185	28.985	1.198
22.424	29.041	31.359	2.374
22.322	27.050	28.320	0.878
23.551	27.929	31.889	3.026
22.168	26.689	30.063	1.288
20.616	26.855	28.613	0.800
22.231	28.420	31.638	2.952
22.898	27.649	29.806	2.845
23.104	27.290	31.145	2.615
23.000	27.587	29.431	2.225
22.309	25.792	29.252	0.838
20.868	27.364	29.724	1.098
21.762	26.816	28.141	0.945
23.750	28.676	30.416	2.642
23.024	27.964	30.748	1.908
22.239	28.617	30.800	2.706
20.642	27.893	28.081	0.971
21.863	25.859	28.130	0.987
22.256	26.948	30.132	1.344
21.863	27.105	28.669	0.489
21.372	27.650	30.687	1.502
21.753	27.363	30.001	1.540
22.988	28.803	30.548	2.322
22.069	27.582	29.379	0.760
22.777	28.825	29.729	2.542
22.689	27.921	28.845	0.885
21.845	27.273	30.815	2.004
22.094	26.901	28.353	1.082
23.076	27.217	30.259	1.148
23.242	27.701	31.227	2.454
21.614	26.572	30.339	1.611
23.811	27.763	31.123	1.769
21.938	27.933	30.696	1.554
21.883	28.463	30.371	1.673
22.922	26.636	30.555	1.139
21.345	26.771	28.988	0.453
22.704	28.465	30.883	1.851
21.895	26.909	29.529	0.860
20.152	25.533	28.994	0.190
21.073	25.897	28.786	0.705
21.521	27.751	30.783	1.124
21.717	27.367	28.986	1.482
24.459	28.675	31.154	2.274
21.263	26.686	29.750	0.119
21.999	26.179	29.347	0.823
21.437	26.398	28.770	0.711
21.656	27.468	29.232	0.353
22.667	27.079	28.689	0.363
21.553	26.352	28.612	0.568
24.309	27.423	29.724	1.998
23.164	26.876	28.910	0.800
21.868	27.379	29.415	-0.003
21.600	28.698	30.116	1.270
21.159	26.686	29.006	-0.092
23.110	28.399	30.681	1.416
22.617	27.043	30.066	1.069
23.513	29.529	30.938	1.970
22.225	28.690	30.757	1.829
21.956	27.694	31.214	1.397
23.709	27.789	31.473	1.773
21.934	26.871	28.877	0.977
22.861	27.921	29.906	0.788
22.249	27.694	29.674	0.306
23.176	29.249	31.291	1.602
22.760	28.158	30.593	1.505
21.751	28.452	30.188	1.106
23.816	27.641	30.567	1.811
22.120	28.107	29.068	0.476
22.959	26.991	29.697	0.181
20.880	27.041	29.706	-0.379
20.964	27.039	27.997	-0.052
20.621	27.176	29.402	-0.157
22.384	26.087	29.243	0.044
22.228	29.044	30.609	1.180
22.230	27.425	30.149	0.507
22.891	27.215	30.282	1.086
22.794	28.735	30.808	1.091
22.560	27.277	30.886	1.104
20.830	26.046	28.205	0.066
21.497	25.871	28.554	0.009
23.362	28.739	31.015	0.797
21.287	26.588	27.957	-0.560
22.076	26.999	29.031	0.570
23.000	27.980	29.627	0.326
24.232	28.913	30.559	1.366
22.489	28.578	30.146	0.415
22.015	27.985	28.920	0.392
23.900	28.751	30.585	1.233
22.634	28.335	29.404	0.931
21.234	27.799	29.520	-0.071
23.324	28.477	29.817	0.679
21.783	27.966	28.851	0.393
22.102	26.346	28.881	-0.028
20.725	25.895	28.564	-0.577
23.306	26.407	29.107	0.106
22.458	27.729	30.026	-0.375
21.305	28.430	30.030	0.160
23.027	27.501	29.346	0.721
23.881	28.948	30.585	0.741
21.958	26.974	28.599	-0.615
21.049	25.624	28.765	-0.694
21.850	26.548	28.309	-0.371
23.289	28.834	30.108	0.459
21.185	25.919	29.310	-0.730
22.715	29.132	30.818	0.984
21.373	27.674	28.491	-0.663
21.326	25.625	28.041	-0.806
22.751	26.723	29.048	-0.169
20.643	26.264	28.766	-1.067
21.597	26.045	29.345	-0.540
22.631	25.426	28.707	-0.947
22.670	27.782	29.317	-0.086
22.600	29.180	31.322	0.584
23.515	28.438	30.611	0.212
22.518	28.862	29.641	0.331
23.172	29.412	30.534	0.885
21.891	26.457	28.957	-0.544
23.954	27.703	30.623	0.401
20.723	26.129	28.122	-1.248
22.882	28.127	31.117	0.510
22.942	26.879	28.580	-0.294
21.773	26.892	28.570	-1.078
22.778	26.894	29.833	-0.414
21.908	26.182	29.699	-0.640
23.599	27.948	30.154	0.307
21.040	27.446	29.030	-0.878
22.497	27.102	28.836	-0.879
22.917	26.966	31.005	0.100
22.136	26.667	28.676	-1.422
23.606	28.306	31.416	0.488
22.273	28.042	28.913	-0.556
22.861	27.103	29.090	-0.294
22.141	26.321	28.670	-1.579
23.721	26.693	29.544	-0.086
23.785	27.670	30.621	0.170
21.562	27.516	28.973	-1.509
22.079	26.599	29.161	-1.703
21.915	27.008	28.591	-1.509
20.977	27.710	29.445	-1.259
21.507	27.191	28.820	-1.547
21.350	27.107	28.985	-0.801
23.459	28.388	28.493	-0.617
22.654	28.178	30.093	0.104
22.515	26.335	28.213	-1.141
20.591	27.143	28.365	-1.490
22.833	28.798	30.334	-0.335
21.533	25.881	28.204	-1.163
21.708	25.167	29.444	-1.852
21.007	27.072	29.533	-1.412
20.671	27.426	28.201	-1.706
22.801	26.732	29.467	-1.517
22.445	27.042	27.920	-1.328
20.755	25.392	27.998	-1.787
22.793	27.335	29.664	0.140
21.941	27.788	30.549	-0.787
22.070	25.398	28.105	-1.867
22.217	25.837	28.657	-1.947
22.650	26.883	29.207	-0.565
22.323	26.029	27.374	-2.039
22.714	25.958	29.509	-1.381
23.332	28.365	31.245	-0.280
20.539	26.550	29.335	-1.981
22.938	27.731	28.900	-1.506
21.474	27.459	28.128	-1.254
22.657	27.384	30.554	-0.186
22.313	26.208	29.211	-1.702
21.643	25.616	27.629	-2.244
24.207	28.084	29.407	-0.191
22.574	29.242	29.680	-0.255
23.508	28.273	28.458	-1.192
22.950	27.718	28.317	-1.370
21.232	25.828	28.446	-1.624
21.973	26.972	28.825	-1.637
23.191	26.235	28.756	-1.329
23.545	28.729	30.041	-0.621
21.027	26.005	29.768	-1.593
23.456	27.422	30.501	-0.340
21.505	25.456	29.303	-2.337
23.211	28.028	29.474	-1.518
23.853	28.667	30.950	-0.591
21.532	26.118	28.108	-1.998
22.694	26.342	27.927	-1.828
23.068	27.801	30.209	-0.492
22.372	27.093	29.019	-1.733
21.702	27.203	29.993	-1.702
22.405	25.722	28.394	-1.998
20.462	25.625	27.328	-2.577
21.661	26.053	27.680	-2.174
23.048	28.495	29.874	-0.763
23.558	27.223	29.799	-1.300
21.062	27.021	28.286	-2.534
21.418	27.914	28.096	-1.860
23.259	28.634	29.570	-0.657
21.307	26.615	27.794	-2.279
21.084	27.179	27.732	-2.474
22.616	26.720	28.346	-2.267
21.559	25.712	29.397	-2.599
21.613	28.039	28.156	-1.756
23.099	27.841	30.998	-1.030
23.972	27.953	29.952	-0.836
22.068	28.458	29.390	-1.016
22.713	27.921	28.450	-1.906
22.521	27.269	28.150	-2.591
23.153	26.298	29.576	-1.896
22.107	26.900	28.447	-1.738
21.752	26.950	28.875	-1.518
21.467	26.842	29.024	-2.192
21.865	26.491	30.093	-1.659
21.803	26.674	28.713	-2.688
23.211	27.150	30.253	-1.413
22.905	28.150	29.791	-1.551
22.733	26.099	28.999	-2.436
21.444	26.534	30.028	-2.264
23.445	27.260	28.688	-1.679
21.141	25.942	28.165	-2.617
21.601	27.351	29.549	-2.230
20.407	25.245	28.492	-3.137
22.381	27.354	29.878	-1.708
22.789	26.940	29.549	-1.957
23.744	28.303	30.358	-1.086
22.449	27.282	28.643	-3.076
23.179	28.955	29.832	-1.386
24.037	28.012	28.964	-1.310
22.267	26.779	29.891	-2.449
22.817	25.675	29.480	-2.593
21.270	25.867	27.573	-2.939
21.228	26.393	29.881	-2.447
21.242	27.780	28.453	-2.731
22.603	25.787	29.704	-2.664
22.518	25.864	27.786	-2.576
23.400	26.873	28.737	-1.676
21.623	27.172	28.267	-2.440
23.223	27.705	30.341	-1.534
24.256	28.860	29.481	-1.331
22.017	26.579	28.511	-2.711
23.136	27.492	29.938	-2.217
21.629	26.528	28.575	-3.064
23.767	28.635	30.397	-1.235
21.880	25.360	28.081	-3.457
21.071	27.210	28.110	-3.357
22.309	26.886	30.239	-1.862
21.756	26.609	29.756	-2.435
23.011	26.675	28.302	-3.025
24.150	28.077	29.300	-1.380
23.507	27.604	29.989	-1.390
22.264	28.209	29.923	-1.909
21.428	27.582	28.433	-2.959
22.732	28.845	29.688	-1.547
23.061	26.775	29.190	-2.646
23.650	28.262	28.585	-2.438
22.366	27.880	29.205	-2.929
21.513	27.532	27.418	-3.376
21.570	25.624	29.332	-3.560
22.335	27.801	28.889	-2.632
23.324	27.786	29.606	-1.693
20.883	25.200	27.365	-3.767
23.191	27.517	30.651	-1.878
23.963	28.132	30.008	-1.970
21.397	26.224	29.167	-3.655
22.740	26.514	29.958	-2.694
23.061	26.195	29.814	-2.603
22.817	26.563	27.824	-3.119
22.583	27.318	29.587	-2.577
21.594	25.511	29.295	-3.486
24.473	29.042	30.667	-1.998
23.012	29.230	30.784	-1.807
21.794	26.708	29.526	-2.751
22.974	28.020	27.820	-3.089
22.957	28.580	30.492	-2.178
23.999	29.110	30.944	-1.753
21.510	27.978	28.813	-3.023
22.868	27.298	27.782	-3.598
22.916	26.397	29.429	-3.030
21.378	27.515	29.428	-3.460
21.696	27.116	29.199	-4.035
21.791	26.964	29.164	-3.544
24.006	27.212	29.974	-2.357
24.410	26.943	29.396	-2.086
21.848	26.514	29.950	-3.244
23.009	27.840	30.178	-2.511
22.596	26.408	27.133	-4.065
21.783	26.442	28.512	-3.123
21.943	27.678	27.827	-3.535
23.099	27.826	28.639	-2.963
21.838	27.794	30.137	-2.982
23.254	25.929	29.355	-3.482
22.554	28.207	30.966	-2.202
23.326	27.795	29.246	-3.614
21.334	27.303	28.830	-3.867
20.801	25.723	28.024	-4.375
24.415	28.365	28.940	-2.341
22.628	27.503	30.450	-2.851
22.744	26.367	28.632	-3.861
21.713	27.749	28.558	-3.565
20.969	25.639	27.162	-4.214
20.708	26.957	27.330	-4.241
22.286	26.393	29.058	-2.960
22.017	26.892	29.915	-3.459
22.489	27.312	29.641	-2.368
23.612	26.217	28.798	-3.352
22.023	25.399	29.317	-4.077
23.130	28.167	28.702	-3.277
21.876	25.751	28.892	-3.913
21.613	27.860	29.148	-3.390
24.101	28.880	30.156	-2.511
23.218	28.777	29.203	-2.597
21.925	27.094	28.263	-3.594
22.026	26.072	28.698	-4.197
24.019	28.572	30.288	-2.764
23.026	27.667	29.915	-3.004
22.861	28.604	29.971	-2.685
23.339	27.047	30.077	-2.845
21.251	26.345	26.901	-4.662
22.776	28.594	29.735	-2.759
24.551	28.655	29.747	-2.740
22.256	26.250	28.665	-3.628
22.706	27.672	29.822	-3.640
22.812	27.480	29.693	-3.587
23.382	27.491	29.883	-3.443
23.521	27.660	29.126	-3.912
23.504	28.005	29.291	-2.745
22.648	26.392	28.562	-3.684
22.108	26.363	28.625	-4.936
22.342	26.057	28.074	-4.559
21.739	26.569	27.855	-4.785
24.325	26.751	30.826	-3.008
21.416	25.880	29.085	-4.531
21.711	26.221	28.439	-4.471
22.420	27.993	29.248	-3.024
23.471	26.156	29.468	-4.168
22.768	26.646	27.863	-4.463
22.898	26.871	27.796	-4.809
21.810	28.137	29.695	-3.724
20.993	25.310	26.894	-4.932
22.522	26.306	28.797	-4.308
24.345	27.474	30.566	-3.246
22.118	27.627	30.131	-3.905
20.802	26.784	27.334	-4.969
22.431	27.319	28.566	-3.981
23.617	26.193	28.574	-3.845
22.650	26.766	29.549	-4.019
21.680	27.573	28.121	-4.381
22.956	27.089	28.553	-4.905
21.533	26.659	29.005	-4.379
21.551	27.380	29.148	-4.371
22.768	25.414	28.404	-5.046
22.233	27.239	28.646	-5.081
20.914	26.328	27.183	-5.191
21.659	26.718	27.707	-4.727
23.801	27.324	28.928	-3.832
23.238	26.941	30.474	-3.491
23.577	26.600	30.128	-3.759
22.704	26.699	28.907	-4.613
21.475	26.380	27.914	-5.063
22.368	25.839	28.211	-4.929
22.474	26.193	28.267	-5.192
22.674	25.667	27.509	-5.228
23.653	27.356	29.314	-4.090
22.549	28.431	30.086	-3.566
24.237	28.970	30.275	-3.439
24.153	27.196	28.806	-3.465
21.956	26.566	28.114	-4.193
23.828	28.292	30.483	-3.633
22.336	25.503	27.021	-5.285
23.321	26.320	27.861	-4.541
23.346	26.508	29.313	-4.732
23.275	26.875	29.565	-4.485
21.479	26.683	28.713	-5.488
22.518	27.993	29.867	-4.244
22.604	26.620	29.364	-4.195
24.487	27.098	29.255	-3.779
24.479	27.835	30.023	-3.661
23.795	26.694	29.184	-4.426
23.098	25.818	27.942	-4.838
23.158	27.274	28.557	-4.044
23.576	28.832	29.383	-3.802
24.042	28.908	30.596	-3.496
23.812	27.538	27.957	-4.487
23.091	27.437	29.974	-4.454
22.420	26.814	26.689	-5.797
23.228	27.241	28.159	-4.630
23.664	26.796	28.886	-4.019
22.091	26.459	28.454	-4.829
22.502	28.384	29.210	-4.066
23.500	28.038	29.589	-4.364
21.949	28.386	29.658	-4.476
24.351	28.761	30.486	-3.690
22.770	27.150	28.055	-5.084
23.945	27.861	30.419	-4.247
23.122	28.577	30.469	-3.737
21.020	25.542	27.702	-5.789
22.573	27.113	28.818	-4.537
22.539	24.936	28.105	-5.933
24.738	27.381	29.575	-3.867
22.640	27.698	28.661	-4.673
22.589	26.343	29.253	-5.572
23.335	28.290	29.587	-4.519
23.817	28.453	29.090	-4.256
24.240	27.780	28.310	-4.507
22.870	27.992	29.791	-4.973
22.112	27.195	28.192	-5.553
22.710	26.353	27.934	-5.562
22.882	26.575	30.033	-4.837
21.684	26.729	28.107	-5.474
22.613	25.116	26.685	-6.126
24.648	28.017	29.383	-4.225
22.519	26.324	28.916	-5.622
23.332	28.709	29.708	-4.252
22.794	26.677	28.542	-5.016
22.613	27.349	27.911	-4.932
21.989	27.364	28.537	-4.971
24.754	28.426	30.237	-4.237
23.204	25.650	29.379	-5.582
23.502	26.947	29.712	-5.183
22.445	26.791	29.065	-5.092
22.968	27.523	28.372	-5.240
23.977	28.541	29.329	-4.199
23.375	28.094	28.964	-4.929
22.990	26.720	27.591	-5.863
22.132	27.893	29.509	-5.231
24.236	26.964	28.759	-4.750
23.062	26.905	30.093	-4.737
22.790	26.029	28.997	-6.163
21.434	25.749	27.326	-6.019
21.930	27.488	28.079	-5.461
22.462	25.332	29.158	-5.925
20.967	25.637	27.566	-6.373
23.473	26.593	28.850	-4.790
23.420	27.508	27.745	-5.496
21.961	25.319	28.897	-6.322
21.298	25.692	27.189	-6.545
23.997	26.889	29.358	-5.337
22.504	27.783	28.984	-5.570
23.384	28.261	29.710	-5.139
23.953	26.740	28.927	-5.304
22.724	27.314	29.665	-4.796
23.560	26.375	29.090	-5.813
22.855	26.023	28.523	-5.960
22.625	26.736	29.128	-5.652
22.835	25.634	29.040	-6.048
23.425	26.249	29.798	-5.322
21.784	25.929	28.335	-5.668
23.083	28.217	28.661	-4.725
22.809	27.111	30.223	-4.614
22.173	25.937	27.882	-6.700
23.576	28.547	29.868	-4.942
22.578	27.278	26.896	-6.337
24.545	27.225	30.178	-4.848
22.502	25.567	26.675	-6.692
24.215	27.645	30.531	-4.847
22.514	27.862	27.922	-5.414
23.128	27.106	28.535	-4.953
22.512	26.615	28.716	-6.526
22.957	25.284	29.031	-6.482
22.821	26.073	28.140	-6.401
22.435	27.461	29.627	-5.611
22.453	26.240	27.978	-6.754
22.955	25.861	27.217	-6.198
23.115	25.979	28.451	-6.124
23.961	27.675	29.707	-5.047
23.174	27.261	29.227	-6.184
23.249	26.720	29.717	-5.673
24.140	27.111	28.928	-5.565
24.012	27.563	30.256	-5.057
21.071	26.410	27.709	-7.058
23.793	27.602	28.457	-6.044
23.056	27.176	29.007	-6.599
22.978	24.755	26.393	-7.100
22.357	26.666	28.287	-6.365
22.409	27.133	28.730	-5.389
23.088	25.110	27.005	-6.908
23.275	25.412	26.994	-6.670
22.818	27.300	28.293	-5.804
23.097	26.332	27.624	-6.050
24.048	27.547	28.514	-5.076
21.888	25.265	28.581	-7.041
23.252	26.195	27.475	-6.287
23.296	25.347	28.377	-6.812
23.299	28.100	28.315	-5.750
21.452	25.923	28.778	-6.937
24.479	28.544	29.712	-5.468
22.087	26.648	28.406	-7.394
22.925	25.455	29.221	-6.564
22.967	25.436	28.325	-6.560
22.526	26.806	28.070	-6.225
21.445	26.386	26.444	-7.257
23.128	27.194	28.835	-5.668
24.091	27.808	28.893	-5.190
24.515	26.907	29.858	-5.555
24.190	27.388	29.159	-5.234
22.388	26.698	28.637	-6.930
22.182	26.237	27.309	-6.777
22.478	27.189	28.026	-6.822
23.290	28.512	28.613	-5.277
24.699	28.148	30.074	-5.635
23.473	27.189	29.161	-6.760
22.241	27.315	29.366	-6.142
22.258	26.093	27.473	-6.815
22.587	26.066	29.418	-6.421
21.488	27.431	28.500	-6.860
21.773	25.275	27.942	-7.532
22.656	27.133	29.449	-6.079
21.550	25.631	27.654	-7.282
22.743	24.581	28.242	-7.742
22.649	28.094	29.724	-5.890
22.969	26.832	29.218	-5.502
22.845	28.235	29.063	-6.007
21.952	25.011	27.801	-7.617
23.078	27.603	28.042	-6.518
23.479	26.540	29.308	-6.219
23.447	25.788	26.786	-7.294
22.836	28.514	30.099	-5.717
24.329	27.529	29.137	-6.169
22.774	26.680	28.409	-6.471
22.252	27.089	27.550	-7.490
22.522	27.742	28.147	-6.021
23.803	26.120	27.402	-6.693
23.081	25.851	28.790	-6.584
21.489	25.006	28.612	-7.586
24.070	26.559	30.064	-6.129
22.045	27.052	27.360	-7.311
23.288	28.048	29.724	-5.996
23.652	28.851	30.493	-5.740
24.433	27.629	28.915	-6.401
23.748	27.775	27.669	-6.842
23.612	26.276	27.692	-7.008
24.216	28.006	29.988	-5.939
22.092	24.907	27.795	-7.902
23.954	26.591	28.300	-6.317
23.018	27.423	28.380	-6.052
22.974	24.680	27.626	-8.090
23.217	27.698	28.801	-6.203
24.856	26.829	30.042	-5.918
24.345	28.266	28.442	-5.844
22.702	26.586	27.766	-6.779
22.995	26.148	26.789	-8.043
22.622	25.501	26.894	-7.710
21.483	25.427	28.143	-8.196
24.476	27.272	29.595	-6.113
22.114	25.944	28.697	-7.754
23.080	27.694	30.024	-6.428
24.104	27.556	28.321	-6.827
22.143	26.700	27.557	-7.711
23.477	28.375	29.417	-6.554
21.260	26.893	27.425	-7.807
22.201	26.789	27.954	-7.727
23.312	27.712	28.505	-7.312
24.074	27.367	27.831	-6.963
21.640	26.229	27.859	-7.642
22.552	25.782	27.375	-7.569
24.985	27.208	30.053	-6.211
23.701	27.692	27.436	-6.960
25.025	27.332	30.391	-6.162
23.288	27.946	28.711	-6.856
23.034	27.604	27.981	-7.463
22.643	25.689	26.639	-8.007
22.917	25.847	27.756	-7.219
22.638	26.533	29.620	-6.987
21.950	26.724	28.583	-7.785
23.245	26.315	28.438	-7.752
24.432	27.913	28.386	-6.774
22.704	26.007	28.862	-7.104
24.921	27.384	28.383	-6.520
23.264	26.632	27.407	-7.917
23.673	27.806	28.161	-6.672
22.879	25.763	26.272	-8.407
22.496	27.107	29.082	-7.522
22.689	26.087	28.430	-8.179
22.723	28.462	28.871	-6.744
24.639	26.577	28.962	-6.687
22.960	26.981	27.715	-7.270
22.897	27.377	28.153	-7.192
24.968	27.090	29.940	-6.585
24.302	28.046	28.363	-6.540
23.302	26.809	27.459	-8.194
24.075	27.596	29.292	-7.302
23.782	27.366	27.614	-7.415
22.213	25.745	27.253	-7.537
22.447	25.364	27.025	-8.441
24.553	28.608	30.009	-6.660
22.895	27.402	28.899	-7.980
22.726	25.755	27.536	-7.545
22.949	26.602	29.571	-7.066
23.471	25.923	27.075	-8.034
23.440	26.997	26.986	-8.290
21.873	26.900	26.470	-8.593
21.447	25.696	26.832	-8.616
23.667	27.450	28.869	-6.982
22.959	25.816	28.451	-8.120
22.456	26.544	28.655	-7.238
24.206	27.433	28.579	-7.582
22.694	27.738	29.448	-7.413
24.436	26.812	29.577	-7.071
21.605	24.964	27.173	-8.728
24.912	28.139	28.030	-6.940
22.641	25.014	27.229	-8.440
24.082	27.774	29.886	-7.135
24.076	28.042	28.555	-7.043
23.926	27.163	29.412	-6.744
21.886	26.838	28.290	-8.248
23.218	26.543	27.330	-8.194
24.067	27.715	27.822	-7.637
23.862	26.037	28.314	-7.631
21.724	26.099	28.102	-8.669
21.726	25.009	27.110	-9.096
24.614	27.380	28.461	-6.833
24.355	27.421	28.374	-7.375
24.484	27.982	28.365	-7.635
24.904	28.271	28.816	-7.067
23.806	26.533	29.329	-7.022
23.040	27.918	29.828	-7.215
24.553	26.500	28.906	-7.721
23.428	26.260	28.302	-8.146
23.365	27.314	28.434	-7.426
23.025	25.831	28.625	-8.444
23.022	24.670	26.638	-9.193
23.330	26.141	28.174	-8.555
24.903	26.700	28.410	-7.371
22.351	26.714	26.614	-8.990
22.255	26.187	26.596	-8.739
22.628	26.194	28.233	-8.909
22.056	25.530	28.585	-8.697
21.793	27.362	28.774	-8.536
24.377	27.471	29.743	-7.475
25.003	28.643	30.142	-7.127
23.677	27.138	28.859	-7.397
21.957	26.251	27.956	-8.511
23.768	27.848	29.501	-7.196
23.216	27.142	27.673	-8.519
23.894	27.519	28.001	-7.973
23.507	25.321	27.132	-8.474
24.313	26.062	28.794	-7.833
22.399	25.870	27.973	-8.270
24.072	25.997	28.162	-8.425
21.760	26.200	27.874	-8.640
21.935	25.351	28.791	-8.558
22.383	26.006	28.144	-8.234
22.480	26.886	28.193	-8.094
23.017	26.191	28.250	-8.357
21.457	26.568	28.073	-9.057
22.434	25.281	26.210	-9.210
24.881	27.361	28.786	-7.380
24.251	26.116	28.489	-7.948
23.824	27.027	28.275	-8.734
23.897	27.008	28.897	-7.773
23.394	24.982	27.552	-9.372
24.124	26.136	26.991	-8.409
23.406	27.081	28.832	-7.415
22.005	25.704	27.595	-9.199
23.870	26.606	27.029	-8.802
22.717	26.104	27.457	-9.334
23.578	28.375	29.328	-7.633
23.213	26.340	28.385	-8.138
21.836	26.935	27.032	-8.856
23.837	26.837	28.523	-8.952
24.626	28.021	28.804	-8.018
22.953	26.134	26.669	-9.574
23.015	26.098	26.558	-9.035
22.118	26.358	27.868	-8.997
23.719	26.368	27.042	-8.961
22.997	27.159	27.992	-8.884
21.958	25.310	26.858	-9.295
22.542	25.482	27.910	-9.505
23.832	27.880	28.440	-8.351
23.349	26.679	28.088	-8.227
23.607	27.280	27.252	-8.841
25.036	27.826	27.926	-8.006
23.765	25.854	28.789	-8.578
22.730	26.484	26.754	-9.188
23.506	25.367	27.706	-9.614
21.785	26.107	27.850	-9.337
24.425	26.840	28.177	-7.875
23.463	26.142	26.764	-9.629
22.490	26.153	27.519	-9.891
23.264	27.264	28.600	-8.886
23.517	26.902	27.942	-8.943
22.982	27.947	29.578	-8.039
23.137	26.482	27.415	-9.757
23.186	25.096	27.250	-9.496
22.573	27.024	27.942	-8.548
23.820	27.467	28.428	-8.142
22.939	25.603	26.611	-9.193
24.310	26.895	27.804	-8.999
25.199	26.734	29.182	-8.054
24.031	26.458	28.512	-8.246
23.608	27.175	28.912	-8.792
23.967	27.025	27.744	-9.257
23.439	27.126	28.911	-8.606
24.394	28.573	29.766	-8.027
24.136	28.619	29.183	-7.918
22.722	27.206	28.034	-9.457
23.226	25.014	26.689	-9.794
21.119	25.430	26.658	-10.177
23.809	26.754	27.938	-8.003
22.620	27.900	28.995	-8.737
24.735	27.148	28.530	-8.360
22.672	25.552	27.767	-9.691
23.035	25.908	27.412	-8.745
24.327	27.621	28.315	-9.079
24.356	25.791	27.224	-8.760
23.353	25.940	28.434	-9.301
23.443	25.840	27.706	-9.576
23.445	26.509	28.491	-8.284
23.940	27.514	26.752	-9.262
24.101	25.960	26.782	-9.156
24.104	27.295	27.989	-8.860
24.300	26.031	27.345	-9.221
23.942	27.054	28.300	-8.253
24.151	25.978	27.566	-9.316
24.330	28.016	28.870	-8.543
24.190	25.635	28.055	-9.329
24.390	27.076	27.795	-8.551
24.388	27.309	27.678	-8.367
23.177	26.880	27.510	-9.620
24.666	28.456	28.900	-8.300
21.586	24.924	27.806	-10.370
24.679	27.588	28.771	-8.522
23.823	26.882	28.475	-8.488
22.855	25.439	26.911	-9.659
24.468	26.733	28.423	-8.288
22.203	25.881	25.923	-10.546
21.704	25.474	26.009	-10.120
23.631	26.136	27.039	-9.556
24.432	27.951	29.119	-8.749
24.581	27.144	29.025	-8.835
22.874	25.670	27.878	-9.375
23.357	26.932	28.204	-9.553
21.453	25.181	26.437	-10.598
21.762	26.660	27.663	-9.960
21.876	24.936	27.033	-10.425
24.071	27.629	27.205	-9.127
22.260	25.322	28.272	-9.799
22.862	26.962	28.015	-9.805
23.959	26.547	27.216	-9.758
22.046	25.330	27.567	-9.995
25.490	27.026	29.170	-8.492
22.998	27.427	27.620	-8.997
22.836	25.903	26.482	-10.407
22.860	26.914	29.198	-9.095
22.309	25.879	28.055	-9.575
24.396	27.825	27.371	-8.817
23.356	27.757	28.837	-9.291
22.383	27.017	26.379	-10.009
22.861	27.287	28.291	-9.905
21.861	24.197	27.402	-10.882
24.801	26.608	28.398	-8.879
21.602	24.266	25.825	-10.851
22.129	26.335	27.414	-10.908
22.780	27.121	27.644	-9.797
24.849	26.401	27.268	-9.175
23.706	24.930	27.066	-10.149
23.764	26.258	26.252	-10.302
23.053	26.783	29.116	-9.126
23.053	25.113	27.069	-10.059
22.734	25.821	28.514	-9.918
21.874	25.570	26.580	-10.248
22.624	27.091	27.537	-9.893
23.003	24.584	26.120	-10.553
22.398	26.762	26.151	-10.418
23.350	25.263	26.833	-10.238
24.553	28.271	28.992	-9.040
23.314	27.141	27.314	-9.185
22.231	26.245	25.566	-11.066
21.943	26.573	27.698	-10.698
22.407	26.243	25.377	-11.126
23.621	25.451	25.819	-10.841
23.195	25.846	27.518	-9.649
24.706	25.779	27.896	-9.715
23.588	25.093	26.702	-10.726
24.471	28.049	28.827	-8.979
23.733	26.272	27.977	-9.609
24.002	25.994	28.720	-9.439
23.245	25.337	27.331	-9.995
22.516	25.841	27.039	-9.762
22.310	24.860	26.488	-11.065
24.669	27.424	27.645	-9.880
23.692	26.938	27.972	-10.003
22.687	25.166	26.261	-10.544
24.487	26.620	27.687	-9.470
24.110	27.324	28.539	-8.997
23.000	27.780	28.658	-9.741
21.451	25.800	27.401	-10.985
23.244	26.943	27.564	-10.496
23.288	27.084	26.372	-10.321
22.627	27.371	26.953	-10.223
23.399	26.730	27.246	-9.268
22.707	27.530	27.678	-9.771
22.761	25.963	27.601	-9.972
22.802	25.401	26.425	-10.528
22.691	25.742	27.159	-9.919
24.426	27.921	28.507	-9.577
23.160	25.898	25.964	-11.350
23.982	27.252	29.037	-9.664
22.919	26.020	27.764	-9.813
23.808	27.195	27.173	-9.362
22.519	24.639	26.306	-11.122
23.417	25.806	27.702	-10.524
24.660	26.978	28.152	-10.046
23.759	27.678	29.104	-9.252
23.131	26.144	27.176	-9.522
25.084	27.833	28.754	-9.225
22.686	26.049	27.944	-10.844
22.981	25.800	27.035	-10.465
24.543	27.486	27.882	-9.728
22.761	26.929	26.346	-10.797
23.266	24.374	26.005	-11.317
24.293	26.866	28.719	-9.454
24.390	26.980	26.880	-9.931
24.088	27.196	28.077	-9.822
22.124	24.910	27.632	-11.208
24.943	26.182	28.437	-9.684
23.968	26.225	27.782	-9.339
23.530	26.398	26.927	-9.917
23.325	27.113	27.054	-10.591
22.988	27.022	28.322	-10.247
24.162	25.819	26.574	-10.553
23.661	24.575	25.556	-11.261
21.628	24.733	26.473	-11.707
22.002	24.385	27.044	-11.651
22.189	25.699	25.556	-11.318
23.934	27.537	28.237	-9.455
24.094	26.610	29.315	-9.460
23.137	27.293	28.032	-9.757
24.044	25.307	27.383	-10.425
24.538	25.800	27.893	-10.229
24.433	26.030	28.459	-10.115
22.816	26.062	27.380	-11.201
22.253	25.578	25.473	-11.397
23.092	26.273	27.008	-11.518
23.952	26.276	28.181	-10.559
23.139	26.794	26.910	-10.597
23.714	25.709	27.330	-11.041
22.470	25.135	25.584	-11.511
23.827	25.407	26.287	-10.596
23.703	28.030	28.040	-9.971
23.117	25.666	28.171	-10.641
23.037	26.132	26.121	-10.707
21.709	25.187	26.584	-11.858
22.173	25.841	27.238	-11.318
22.511	25.164	27.581	-10.998
24.306	26.475	26.970	-10.089
25.309	27.910	28.375	-9.883
23.891	25.701	27.083	-10.921
24.056	27.829	26.798	-10.238
22.841	25.140	27.103	-11.083
23.544	25.353	27.215	-10.622
22.483	26.055	27.573	-11.083
24.409	27.783	27.461	-10.341
24.658	27.416	27.128	-10.026
22.544	24.499	25.247	-12.000
21.609	26.089	25.192	-11.987
23.430	25.569	27.856	-11.282
22.875	26.326	27.103	-11.641
24.021	26.623	26.982	-10.056
23.781	27.091	27.028	-11.114
23.814	25.928	28.459	-10.503
21.982	24.707	26.211	-11.851
23.994	26.850	27.791	-10.320
24.819	26.009	26.597	-10.607
25.325	26.171	27.135	-10.159
23.420	24.609	27.110	-12.106
22.033	24.956	24.928	-12.106
23.273	26.745	27.305	-10.549
21.796	24.034	26.994	-12.186
24.530	25.309	27.534	-10.849
24.383	26.860	29.126	-9.952
22.519	25.104	26.489	-12.099
24.819	26.798	28.296	-10.686
24.440	26.302	26.680	-10.761
24.370	27.568	27.935	-10.540
23.591	26.673	27.992	-10.822
23.178	25.396	27.397	-11.157
23.626	27.114	26.703	-10.931
24.581	26.967	27.159	-10.368
22.530	26.519	27.677	-11.212
23.630	27.660	27.799	-10.659
24.195	27.020	27.664	-10.829
23.356	26.491	27.188	-10.247
21.557	25.771	26.357	-12.109
23.461	26.781	27.950	-10.865
22.157	25.522	25.442	-11.732
23.339	24.375	26.876	-11.900
25.053	27.448	28.010	-10.517
22.145	26.081	26.748	-12.235
23.517	24.426	26.692	-11.830
22.941	24.937	26.335	-11.490
22.876	25.887	26.114	-11.227
23.943	25.426	27.130	-11.757
23.624	25.620	27.453	-11.303
23.657	25.636	26.957	-10.734
22.146	26.552	25.791	-11.975
23.813	25.169	27.047	-11.414
22.171	25.371	25.641	-11.829
23.106	26.598	26.966	-10.948
24.128	27.428	28.242	-10.456
25.402	27.139	27.613	-10.343
24.557	26.271	27.534	-10.285
24.504	26.365	26.574	-10.707
23.093	25.735	25.175	-12.358
22.635	25.629	27.526	-11.387
23.116	27.148	26.357	-11.182
23.405	26.039	25.291	-12.480
22.948	26.101	26.267	-11.321
25.183	26.322	29.035	-10.323
23.859	27.802	27.652	-10.482
22.691	25.832	25.461	-11.831
22.338	26.323	25.856	-11.899
23.350	25.450	26.825	-12.589
24.370	26.895	27.647	-10.651
23.155	24.973	26.833	-12.248
22.571	24.243	26.271	-12.209
24.408	27.565	27.517	-10.438
21.986	25.098	26.065	-12.548
24.870	26.926	28.479	-10.883
22.620	24.118	26.217	-12.651
22.170	25.217	26.273	-12.494
23.279	27.592	26.748	-11.011
22.735	24.928	25.137	-12.436
23.983	25.338	26.473	-12.162
22.806	25.679	26.382	-11.482
25.784	26.524	28.904	-10.435
22.376	26.005	27.716	-11.732
23.181	25.805	26.497	-11.233
24.713	27.786	28.267	-10.412
24.154	24.964	27.539	-11.777
23.766	25.512	27.695	-11.672
23.701	25.099	25.990	-11.449
23.683	25.029	26.698	-11.815
25.144	26.780	28.064	-10.880
23.499	26.343	27.264	-12.375
22.610	25.995	27.459	-11.923
22.228	25.613	25.686	-12.573
24.507	26.971	26.301	-11.384
23.648	26.071	25.678	-12.266
23.944	26.200	26.894	-11.240
21.974	24.052	26.784	-12.604
22.595	25.823	26.258	-11.958
23.803	25.732	27.570	-11.150
25.075	28.137	26.803	-10.569
23.029	25.145	27.216	-11.602
24.930	27.213	26.656	-11.232
24.745	26.206	26.577	-11.233
23.658	24.887	27.236	-12.404
22.735	25.620	26.201	-11.569
23.495	26.449	26.141	-11.362
24.894	27.684	27.748	-10.858
25.152	26.081	26.818	-10.618
24.233	27.413	26.539	-11.044
24.359	26.677	27.569	-11.734
22.178	25.184	26.198	-12.820
24.180	25.698	27.595	-11.054
24.692	26.036	27.515	-11.176
25.075	26.253	26.166	-11.466
25.024	26.796	27.896	-11.408
23.067	24.968	26.314	-12.337
22.918	25.474	25.434	-12.481
23.195	25.140	27.071	-12.225
22.020	24.719	25.580	-13.042
22.523	25.840	26.363	-12.079
22.968	25.415	26.818	-12.961
24.659	26.443	27.674	-11.707
24.337	26.688	26.921	-12.185
23.046	25.050	26.023	-12.929
23.910	25.435	25.416	-12.380
23.073	24.920	25.970	-12.328
22.331	26.121	25.447	-12.810
23.802	27.648	28.525	-11.138
24.178	25.671	26.715	-12.168
24.469	26.047	26.265	-11.871
24.480	25.364	27.103	-12.350
23.777	24.594	25.026	-12.835
23.897	25.917	28.376	-11.012
23.225	24.517	27.098	-12.448
22.331	26.320	25.160	-12.488
25.486	27.457	27.483	-11.137
24.349	27.385	26.851	-11.541
24.058	26.225	25.621	-12.146
24.827	26.402	27.424	-11.446
23.497	26.173	26.150	-11.747
23.714	25.592	25.971	-12.246
24.733	26.866	27.776	-11.017
23.710	26.265	26.152	-11.464
23.080	25.812	27.294	-11.891
24.030	25.561	27.903	-11.820
22.883	26.722	26.626	-12.278
24.357	24.317	25.887	-12.647
21.733	26.086	25.647	-13.134
23.735	25.127	27.216	-11.840
22.408	26.235	25.798	-12.644
24.042	24.708	26.378	-12.719
23.661	25.337	26.746	-13.037
24.239	26.732	26.606	-11.978
24.001	25.706	25.471	-12.206
24.638	27.015	26.320	-12.150
24.406	27.406	27.597	-11.390
24.894	25.746	27.670	-11.961
24.820	25.482	27.636	-11.803
24.853	26.610	28.257	-11.197
24.531	27.469	28.132	-11.352
23.549	26.729	26.484	-12.096
23.128	25.199	27.484	-11.818
22.692	25.395	27.221	-12.456
25.272	27.152	26.835	-11.127
24.081	26.660	25.787	-12.433
23.638	25.194	25.204	-13.362
22.789	25.667	26.382	-13.121
24.509	25.817	28.051	-11.343
25.301	25.538	26.137	-11.829
23.593	26.416	27.267	-12.168
22.993	24.795	26.318	-12.346
24.557	24.820	25.604	-12.538
24.163	25.876	28.050	-11.695
24.914	25.196	26.549	-12.141
22.164	26.198	26.690	-13.160
25.083	27.616	28.433	-11.364
25.667	27.535	27.727	-11.524
23.132	23.951	24.762	-13.471
25.802	25.838	27.379	-11.333
23.900	25.297	25.468	-12.422
22.612	24.371	27.127	-12.795
25.191	27.182	28.098	-11.694
23.887	25.687	27.426	-11.976
23.698	26.862	27.339	-12.430
25.372	27.131	27.506	-11.269
24.349	25.855	25.618	-12.188
23.424	26.653	26.800	-12.007
24.717	27.166	28.231	-11.364
23.801	24.660	24.970	-13.140
24.768	27.239	27.384	-11.508
24.503	25.429	27.088	-12.845
23.917	25.774	27.734	-12.000
24.519	24.751	26.551	-12.594
23.770	27.591	28.042	-11.403
22.326	26.215	24.911	-13.280
23.164	25.634	25.616	-12.973
23.120	25.987	24.469	-13.429
24.079	25.229	26.757	-12.221
25.390	26.565	27.857	-11.489
21.957	25.911	26.051	-13.381
23.055	25.960	25.783	-13.399
24.550	27.610	27.659	-11.421
23.626	24.304	26.050	-13.328
24.253	25.547	27.135	-12.802
23.779	25.122	25.584	-12.721
23.447	26.297	25.874	-12.863
25.052	27.231	27.815	-12.158
23.614	24.902	25.456	-13.018
24.606	25.968	25.481	-12.596
23.276	23.796	24.601	-13.656
22.689	24.853	25.145	-12.854
23.302	26.332	27.309	-12.319
23.171	25.047	25.977	-13.242
23.962	25.512	27.675	-11.937
23.784	25.330	26.624	-13.340
24.008	25.538	26.654	-12.867
23.405	26.733	27.031	-12.719
24.911	26.774	26.103	-11.831
25.630	26.895	28.013	-11.564
24.543	26.023	26.793	-13.141
22.907	24.512	26.136	-13.682
24.976	25.122	26.362	-12.331
24.982	26.929	26.719	-12.635
24.529	25.764	25.422	-12.981
23.911	25.968	25.689	-13.357
22.856	24.885	26.625	-12.961
24.164	25.673	26.708	-11.996
24.840	26.437	26.549	-12.719
24.208	26.721	27.764	-12.225
22.736	25.947	24.610	-13.548
24.061	26.555	27.764	-11.925
23.857	25.534	25.891	-12.664
25.486	27.510	28.076	-11.974
25.155	26.747	26.190	-12.622
25.615	26.094	26.556	-11.871
23.294	25.973	26.517	-13.311
24.423	26.650	27.672	-12.239
23.660	26.644	26.057	-12.483
23.271	24.588	25.602	-13.398
23.636	25.791	26.845	-13.101
24.003	25.828	26.963	-12.109
25.550	26.214	26.234	-11.811
23.262	25.827	26.003	-13.242
22.970	24.771	26.523	-13.544
25.931	26.470	27.387	-11.737
24.934	26.342	25.533	-12.769
22.866	25.536	24.675	-13.511
23.996	26.324	26.012	-12.013
